SpaGCN_ari SpaGCN_R_est SpaGCN_z_clust_prop seed
0.258827914290886 4 0.20851818988465,0.173025732031943,0.304347826086957,0.314108251996451 8401826
0.242720727149385 4 0.256433007985803,0.194321206743567,0.309671694764862,0.239574090505768 19570958
0.289935804525543 4 0.22715173025732,0.203194321206744,0.311446317657498,0.258207630878438 20099041
0.239915299901042 4 0.20851818988465,0.165039929015084,0.316770186335404,0.309671694764862 5555477
0.274257886094815 4 0.205856255545697,0.194321206743567,0.289263531499556,0.31055900621118 17231689
0.121331008221709 4 0.252883762200532,0.194321206743567,0.251996450754215,0.300798580301686 5154517
0.246962854505591 4 0.220053238686779,0.199645075421473,0.28039041703638,0.299911268855368 2376809
0.122331735867629 3 0.269742679680568,0.355811889973381,0.374445430346051 14156654
0.133969982658303 4 0.270629991126886,0.159716060337178,0.289263531499556,0.28039041703638 18971498
0.271627715747704 4 0.207630878438332,0.184560780834073,0.303460514640639,0.304347826086957 18926420
0.199979454870921 4 0.255545696539485,0.224489795918367,0.279503105590062,0.240461401952085 1246714
0.286934635952134 4 0.216503992901508,0.197870452528838,0.264418811002662,0.321206743566992 2866041
0.229564859677404 4 0.229813664596273,0.209405501330967,0.331854480922804,0.228926353149956 7893032
0.268576592537976 4 0.226264418811003,0.189884649511979,0.313220940550133,0.270629991126886 11211289
0.267025040977756 4 0.176574977817214,0.188997338065661,0.309671694764862,0.324755989352263 12953978
0.180530468650401 4 0.220940550133097,0.16681455190772,0.305235137533274,0.307009760425909 2550195
0.247224029812377 4 0.196095829636202,0.156166814551908,0.307897071872227,0.339840283939663 19494278
0.208714042086807 4 0.194321206743567,0.205856255545697,0.292812777284827,0.307009760425909 18327200
0.190710878186631 4 0.21206743566992,0.220053238686779,0.263531499556344,0.304347826086957 883330
0.104474292919863 4 0.267968056787933,0.199645075421473,0.333629103815439,0.198757763975155 2889106
0.29888854906244 4 0.17036379769299,0.175687666370896,0.328305235137533,0.32564330079858 1398478
0.264723803504093 4 0.247559893522626,0.187222715173026,0.303460514640639,0.261756876663709 15030465
0.273256343586814 4 0.22360248447205,0.179236912156167,0.372670807453416,0.224489795918367 6806854
0.314592582035862 4 0.20851818988465,0.199645075421473,0.33717834960071,0.254658385093168 6776423
0.253677138127898 4 0.248447204968944,0.169476486246673,0.313220940550133,0.26885536823425 19349209
0.234466427563599 4 0.211180124223602,0.204968944099379,0.301685891748004,0.282165039929015 11484505
0.183023759956447 4 0.252883762200532,0.20851818988465,0.266193433895297,0.272404614019521 18261102
0.286188685175136 4 0.205856255545697,0.196095829636202,0.333629103815439,0.264418811002662 5490535
0.20133560433619 4 0.244010647737356,0.21206743566992,0.272404614019521,0.271517302573203 1864845
0.282369056464222 4 0.202307009760426,0.203194321206744,0.314995563442768,0.279503105590062 16502678
0.232440020143892 4 0.20851818988465,0.218278615794144,0.28393966282165,0.289263531499556 14460828
0.234002923915604 4 0.222715173025732,0.225377107364685,0.327417923691216,0.224489795918367 7030064
0.24318793183213 4 0.26530612244898,0.236912156166815,0.313220940550133,0.184560780834073 2138669
0.136072068650211 4 0.231588287488909,0.226264418811003,0.251996450754215,0.290150842945874 9707807
0.227524229244466 4 0.249334516415262,0.182786157941437,0.283052351375333,0.284826974267968 6679697
0.254159562612505 4 0.229813664596273,0.187222715173026,0.28039041703638,0.302573203194321 7677426
0.28217408364702 4 0.183673469387755,0.190771960958296,0.28039041703638,0.345164152617569 6976064
0.252455465094688 4 0.195208518189885,0.175687666370896,0.323868677905945,0.305235137533274 14646271
0.233285773092876 4 0.226264418811003,0.198757763975155,0.28039041703638,0.294587400177462 6734140
0.242438074036168 4 0.251109139307897,0.154392191659272,0.284826974267968,0.309671694764862 3310301
0.277229631946052 4 0.195208518189885,0.251996450754215,0.307897071872227,0.244897959183673 18954890
0.097495999593011 4 0.236912156166815,0.221827861579414,0.241348713398403,0.299911268855368 8426283
0.0932508525265046 4 0.25377107364685,0.23868677905945,0.287488908606921,0.220053238686779 9366970
0.241244892770596 4 0.190771960958296,0.179236912156167,0.315882874889086,0.314108251996451 18648984
0.219965204552026 4 0.23868677905945,0.191659272404614,0.293700088731145,0.275953859804791 11140144
0.198604536615628 4 0.235137533274179,0.200532386867791,0.317657497781721,0.246672582076309 1555125
0.219468863682707 4 0.257320319432121,0.175687666370896,0.286601597160603,0.28039041703638 19340001
0.266050282229748 4 0.212954747116238,0.179236912156167,0.349600709849157,0.258207630878438 10638379
0.118743252804244 4 0.232475598935226,0.199645075421473,0.204081632653061,0.36379769299024 32797
0.238541190914281 4 0.211180124223602,0.202307009760426,0.264418811002662,0.32209405501331 5080982
