SpaGCN_ari SpaGCN_R_est SpaGCN_z_clust_prop seed
0.215538225010635 8 0.233362910381544,0.164152617568767,0.304347826086957,0.231588287488909,0.0532386867790594,0.0062111801242236,0.0062111801242236,0.000887311446317658 8401826
0.136865553785844 7 0.215616681455191,0.213842058562555,0.179236912156167,0.139307897071872,0.111801242236025,0.09849157054126,0.0417036379769299 19570958
0.272744967263301 6 0.193433895297249,0.177462289263531,0.304347826086957,0.224489795918367,0.0807453416149068,0.0195208518189885 20099041
0.208853756345974 6 0.213842058562555,0.159716060337178,0.316770186335404,0.156166814551908,0.117125110913931,0.036379769299024 5555477
0.25941166346813 7 0.192546583850932,0.193433895297249,0.282165039929015,0.322981366459627,0.00709849157054126,0.000887311446317658,0.000887311446317658 17231689
0.141522861027834 6 0.23868677905945,0.139307897071872,0.240461401952085,0.215616681455191,0.0949423247559893,0.0709849157054126 5154517
0.253271407780848 5 0.169476486246673,0.18544809228039,0.283052351375333,0.299023957409051,0.0629991126885537 2376809
0.193214397328544 6 0.233362910381544,0.0763087843833185,0.244897959183673,0.362023070097604,0.0798580301685892,0.00354924578527063 14156654
0.148815857168695 6 0.241348713398403,0.188110026619343,0.226264418811003,0.144631765749778,0.14019520851819,0.059449866903283 18971498
0.231499444546689 6 0.184560780834073,0.193433895297249,0.290150842945874,0.153504880212955,0.139307897071872,0.0390417036379769 18926420
0.162047416521813 6 0.116237799467613,0.207630878438332,0.181011535048802,0.271517302573203,0.130434782608696,0.093167701863354 1246714
0.222967264292328 6 0.171251109139308,0.220053238686779,0.254658385093168,0.192546583850932,0.101153504880213,0.0603371783496007 2866041
0.222271860529366 6 0.204081632653061,0.109139307897072,0.33717834960071,0.260869565217391,0.0745341614906832,0.0141969831410825 7893032
0.13581412284536 8 0.221827861579414,0.21206743566992,0.165039929015084,0.164152617568767,0.123336291038154,0.11002661934339,0.00177462289263532,0.00177462289263532 11211289
0.189139516049981 8 0.184560780834073,0.192546583850932,0.236912156166815,0.210292812777285,0.111801242236025,0.0541259982253771,0.00532386867790594,0.00443655723158829 12953978
0.19142703369112 8 0.157054125998225,0.180124223602484,0.297249334516415,0.161490683229814,0.0967169476486247,0.0629991126885537,0.0434782608695652,0.000887311446317658 2550195
0.22088777099618 6 0.188997338065661,0.161490683229814,0.286601597160603,0.348713398402839,0.0124223602484472,0.00177462289263532 19494278
0.210005353820056 7 0.0825199645075421,0.201419698314108,0.311446317657498,0.309671694764862,0.0913930789707187,0.00177462289263532,0.00177462289263532 18327200
0.118881353007585 7 0.220940550133097,0.204968944099379,0.177462289263531,0.131322094055013,0.188997338065661,0.0754214729370009,0.000887311446317658 883330
0.0990762337600817 8 0.105590062111801,0.163265306122449,0.206743566992014,0.184560780834073,0.173913043478261,0.107364685004437,0.0559006211180124,0.00266193433895297 2889106
0.263640284969567 7 0.193433895297249,0.16681455190772,0.335403726708075,0.169476486246673,0.120674356699201,0.0124223602484472,0.00177462289263532 1398478
0.219015890254958 6 0.251996450754215,0.188110026619343,0.276841171251109,0.237799467613132,0.0292812777284827,0.0159716060337178 15030465
0.134819726060569 6 0.255545696539485,0.163265306122449,0.16681455190772,0.142857142857143,0.152617568766637,0.118899733806566 6806854
0.252719326636633 8 0.202307009760426,0.196095829636202,0.282165039929015,0.232475598935226,0.0408163265306122,0.0381543921916593,0.00443655723158829,0.00354924578527063 6776423
0.15810645414955 7 0.220053238686779,0.157054125998225,0.228039041703638,0.189884649511979,0.0869565217391304,0.0771960958296362,0.0408163265306122 19349209
0.198858950240072 7 0.111801242236025,0.204081632653061,0.299023957409051,0.165927240461402,0.115350488021295,0.101153504880213,0.00266193433895297 11484505
0.152253924723258 6 0.232475598935226,0.218278615794144,0.239574090505768,0.178349600709849,0.115350488021295,0.0159716060337178 18261102
0.258530365601392 7 0.152617568766637,0.212954747116238,0.307897071872227,0.236912156166815,0.0425909494232476,0.031055900621118,0.0159716060337178 5490535
0.107561471789015 7 0.18544809228039,0.199645075421473,0.213842058562555,0.182786157941437,0.108251996450754,0.0949423247559893,0.0150842945874002 1864845
0.193369075311073 7 0.195208518189885,0.199645075421473,0.188110026619343,0.288376220053239,0.0967169476486247,0.0168589174800355,0.0150842945874002 16502678
0.194728074397119 7 0.22360248447205,0.229813664596273,0.282165039929015,0.154392191659272,0.102928127772848,0.0062111801242236,0.000887311446317658 14460828
0.226316037680309 7 0.19698314108252,0.214729370008873,0.300798580301686,0.25377107364685,0.0168589174800355,0.0141969831410825,0.00266193433895297 7030064
0.256714358715464 7 0.240461401952085,0.0940550133096717,0.300798580301686,0.258207630878438,0.0896184560780834,0.00887311446317657,0.00798580301685892 2138669
0.113779935602528 7 0.212954747116238,0.202307009760426,0.171251109139308,0.243123336291038,0.105590062111801,0.0576752440106477,0.00709849157054126 9707807
0.119658940792396 7 0.264418811002662,0.186335403726708,0.141969831410825,0.199645075421473,0.119787045252884,0.0851818988464951,0.00266193433895297 6679697
0.181093381863896 7 0.159716060337178,0.181011535048802,0.246672582076309,0.161490683229814,0.14019520851819,0.067435669920142,0.0434782608695652 7677426
0.125229766532771 7 0.213842058562555,0.16681455190772,0.157054125998225,0.211180124223602,0.119787045252884,0.110913930789707,0.0204081632653061 6976064
0.139681038317726 8 0.198757763975155,0.19698314108252,0.233362910381544,0.137533274179237,0.146406388642413,0.0807453416149068,0.00354924578527063,0.00266193433895297 14646271
0.137327241835252 7 0.192546583850932,0.179236912156167,0.173913043478261,0.193433895297249,0.119787045252884,0.0825199645075421,0.0585625554569654 6734140
0.177566951817735 7 0.277728482697427,0.133096716947649,0.266193433895297,0.200532386867791,0.095829636202307,0.0221827861579414,0.00443655723158829 3310301
0.0342034967834322 9 0.164152617568767,0.147293700088731,0.204081632653061,0.210292812777285,0.102040816326531,0.0736468500443656,0.0585625554569654,0.0390417036379769,0.000887311446317658 18954890
0.197856295730594 7 0.103815439219166,0.158828748890861,0.306122448979592,0.169476486246673,0.14019520851819,0.120674356699201,0.000887311446317658 8426283
0.106558373595104 7 0.137533274179237,0.178349600709849,0.219165927240461,0.205856255545697,0.195208518189885,0.0559006211180124,0.00798580301685892 9366970
0.194918620451129 8 0.163265306122449,0.178349600709849,0.32209405501331,0.149955634427684,0.12866015971606,0.0479148181011535,0.00709849157054126,0.00266193433895297 18648984
0.215125263566798 6 0.22715173025732,0.198757763975155,0.314108251996451,0.153504880212955,0.104702750665484,0.00177462289263532 11140144
0.17593332218882 7 0.224489795918367,0.199645075421473,0.258207630878438,0.214729370008873,0.0683229813664596,0.0328305235137533,0.00177462289263532 1555125
0.200921680276492 7 0.12866015971606,0.173025732031943,0.269742679680568,0.276841171251109,0.114463176574978,0.033717834960071,0.00354924578527063 19340001
0.261482781249482 5 0.207630878438332,0.183673469387755,0.347826086956522,0.259982253771074,0.000887311446317658 10638379
0.11371153579185 8 0.204081632653061,0.107364685004437,0.213842058562555,0.241348713398403,0.0949423247559893,0.0745341614906832,0.0612244897959184,0.00266193433895297 32797
0.231718296316366 7 0.214729370008873,0.199645075421473,0.262644188110027,0.275066548358474,0.0452528837622005,0.00177462289263532,0.000887311446317658 5080982
