SpaGCN_ari SpaGCN_R_est SpaGCN_z_clust_prop seed
0.227375149072636 5 0.232475598935226,0.171251109139308,0.306122448979592,0.217391304347826,0.0727595385980479 8401826
0.224554927292947 6 0.194321206743567,0.21206743566992,0.294587400177462,0.152617568766637,0.0949423247559893,0.0514640638864241 19570958
0.27320438654663 6 0.211180124223602,0.193433895297249,0.330967169476486,0.134871339840284,0.125998225377107,0.00354924578527063 20099041
0.221988211647121 5 0.216503992901508,0.158828748890861,0.321206743566992,0.188110026619343,0.115350488021295 5555477
0.247260209746349 5 0.201419698314108,0.18544809228039,0.286601597160603,0.283052351375333,0.0434782608695652 17231689
0.100579418887247 6 0.22715173025732,0.131322094055013,0.178349600709849,0.176574977817214,0.146406388642413,0.14019520851819 5154517
0.215934579596243 5 0.226264418811003,0.205856255545697,0.28039041703638,0.160603371783496,0.126885536823425 2376809
0.111870437927935 6 0.267080745341615,0.130434782608696,0.142857142857143,0.329192546583851,0.0976042590949423,0.0328305235137533 14156654
0.204059070028286 6 0.199645075421473,0.187222715173026,0.291925465838509,0.195208518189885,0.12511091393079,0.000887311446317658 18971498
0.227461393930059 5 0.187222715173026,0.177462289263531,0.251109139307897,0.330967169476486,0.0532386867790594 18926420
0.159753072178544 5 0.255545696539485,0.218278615794144,0.175687666370896,0.270629991126886,0.0798580301685892 1246714
0.287098162050911 4 0.213842058562555,0.194321206743567,0.276841171251109,0.314995563442768 2866041
0.208874972713583 5 0.190771960958296,0.145519077196096,0.302573203194321,0.252883762200532,0.108251996450754 7893032
0.229040248135196 6 0.204968944099379,0.202307009760426,0.302573203194321,0.175687666370896,0.100266193433895,0.0141969831410825 11211289
0.120410701080295 6 0.141082519964508,0.144631765749778,0.173025732031943,0.217391304347826,0.279503105590062,0.0443655723158829 12953978
0.186907264860283 6 0.149068322981366,0.108251996450754,0.309671694764862,0.188110026619343,0.144631765749778,0.100266193433895 2550195
0.143269122260483 5 0.213842058562555,0.164152617568767,0.156166814551908,0.354924578527063,0.110913930789707 19494278
0.11525224124187 6 0.159716060337178,0.181011535048802,0.197870452528838,0.259094942324756,0.156166814551908,0.0461401952085182 18327200
0.129821859500596 5 0.220053238686779,0.210292812777285,0.131322094055013,0.303460514640639,0.134871339840284 883330
0.161515348174155 6 0.108251996450754,0.22360248447205,0.288376220053239,0.151730257320319,0.150842945874002,0.0771960958296362 2889106
0.273351775174529 5 0.179236912156167,0.189884649511979,0.338952972493345,0.162377994676131,0.129547471162378 1398478
0.231930179079952 6 0.165039929015084,0.146406388642413,0.314995563442768,0.244897959183673,0.100266193433895,0.028393966282165 15030465
0.204395514804904 6 0.229813664596273,0.183673469387755,0.307009760425909,0.106477373558119,0.14019520851819,0.0328305235137533 6806854
0.220477553255556 6 0.22360248447205,0.200532386867791,0.235137533274179,0.26885536823425,0.0612244897959184,0.0106477373558119 6776423
0.190364257576982 6 0.228926353149956,0.176574977817214,0.252883762200532,0.236912156166815,0.0887311446317657,0.0159716060337178 19349209
0.186955669380962 6 0.213842058562555,0.191659272404614,0.287488908606921,0.141082519964508,0.156166814551908,0.00976042590949423 11484505
0.15540420742067 6 0.228926353149956,0.218278615794144,0.230700976042591,0.156166814551908,0.116237799467613,0.0496894409937888 18261102
0.256330262853377 6 0.197870452528838,0.225377107364685,0.32564330079858,0.126885536823425,0.122448979591837,0.00177462289263532 5490535
0.220487229435725 5 0.199645075421473,0.22360248447205,0.267080745341615,0.203194321206744,0.106477373558119 1864845
0.161051031358852 6 0.198757763975155,0.210292812777285,0.218278615794144,0.164152617568767,0.110913930789707,0.0976042590949423 16502678
0.168413422323392 6 0.192546583850932,0.226264418811003,0.270629991126886,0.16681455190772,0.136645962732919,0.00709849157054126 14460828
0.196876712935599 6 0.14019520851819,0.232475598935226,0.292812777284827,0.149068322981366,0.177462289263531,0.00798580301685892 7030064
0.276618252181403 6 0.234250221827862,0.225377107364685,0.308784383318545,0.156166814551908,0.062111801242236,0.0133096716947649 2138669
0.18894195728869 5 0.244897959183673,0.204968944099379,0.274179236912156,0.202307009760426,0.0736468500443656 9707807
0.210397488033193 6 0.123336291038154,0.179236912156167,0.264418811002662,0.291038154392192,0.141082519964508,0.000887311446317658 6679697
0.208341169660718 6 0.236024844720497,0.196095829636202,0.278615794143744,0.180124223602484,0.101153504880213,0.00798580301685892 7677426
0.238109721531206 6 0.207630878438332,0.173913043478261,0.282165039929015,0.180124223602484,0.15527950310559,0.000887311446317658 6976064
0.189698716169742 5 0.190771960958296,0.177462289263531,0.241348713398403,0.31055900621118,0.0798580301685892 14646271
0.237020061111936 6 0.209405501330967,0.179236912156167,0.306122448979592,0.222715173025732,0.0488021295474712,0.033717834960071 6734140
0.207140916040693 6 0.267968056787933,0.144631765749778,0.26885536823425,0.173913043478261,0.143744454303461,0.000887311446317658 3310301
0.198450348955704 6 0.233362910381544,0.206743566992014,0.260869565217391,0.118899733806566,0.0976042590949423,0.0825199645075421 18954890
0.192151670443548 5 0.228039041703638,0.139307897071872,0.293700088731145,0.251109139307897,0.0878438331854481 8426283
0.17599852767633 5 0.196095829636202,0.221827861579414,0.276841171251109,0.273291925465839,0.0319432120674357 9366970
0.229529266605207 5 0.137533274179237,0.163265306122449,0.313220940550133,0.311446317657498,0.0745341614906832 18648984
0.140709617564015 6 0.169476486246673,0.216503992901508,0.244897959183673,0.188110026619343,0.102040816326531,0.0789707187222715 11140144
0.166972791713867 5 0.205856255545697,0.217391304347826,0.272404614019521,0.247559893522626,0.0567879325643301 1555125
0.19086059751539 6 0.181011535048802,0.153504880212955,0.288376220053239,0.267968056787933,0.0825199645075421,0.0266193433895297 19340001
0.264177158824453 5 0.20851818988465,0.175687666370896,0.346938775510204,0.260869565217391,0.00798580301685892 10638379
0.266470783026703 5 0.18544809228039,0.187222715173026,0.32564330079858,0.244897959183673,0.0567879325643301 32797
0.144535935050559 6 0.236024844720497,0.206743566992014,0.167701863354037,0.221827861579414,0.095829636202307,0.0718722271517303 5080982
